20 20
121 177 186 183 146 142 175 178 181 182 181 183 182 182 169 185 150 151 191 192
120 173 184 178 142 91 112 184 178 181 183 183 181 181 132 96 111 148 190 189
119 167 175 176 129 42 164 190 188 182 183 181 183 182 159 71 42 133 184 184
118 165 169 172 132 45 198 182 183 182 183 180 183 186 183 72 33 136 178 179
115 163 169 176 137 72 185 177 179 182 183 179 183 179 187 71 45 139 177 178
112 159 170 176 140 120 179 173 177 182 183 177 180 180 182 93 100 137 175 173
110 117 120 124 108 135 178 168 177 178 181 176 174 176 179 132 100 105 121 120
132 123 123 131 126 157 176 195 198 195 176 191 195 177 179 174 137 130 129 129
143 144 148 156 153 174 175 227 231 234 202 205 221 209 181 177 164 155 155 155
86 88 91 92 97 177 183 235 232 234 236 234 232 235 188 179 135 91 89 90
88 90 90 88 106 179 183 205 129 213 236 216 128 194 185 182 143 85 83 85
85 86 88 90 119 179 180 205 208 216 235 223 219 212 179 179 151 86 85 84
65 65 67 70 122 178 178 231 231 235 234 234 231 232 181 179 158 69 67 65
77 78 79 80 135 179 179 230 235 236 236 235 235 226 179 178 173 80 76 77
67 67 67 68 134 179 181 218 234 229 232 228 235 213 177 182 177 82 66 65
71 73 71 73 131 177 178 200 235 231 233 231 236 197 178 183 172 93 71 68
80 81 80 82 128 158 181 180 225 235 235 235 227 178 182 179 158 103 78 77
82 85 79 80 115 132 181 182 148 161 151 148 141 179 182 156 153 99 79 77
77 81 75 74 92 110 154 182 163 164 173 180 177 182 173 127 140 80 74 71
82 79 74 73 75 87 115 152 178 219 185 195 194 173 132 123 97 73 73 71
